0
1
2
3
5
10
11
12
17
22
23
29
61
79
103
141
142
143
144
145
146
147
148
149
150
151
152
153
154
155
156
1011
1012
1042
1044
1046
1048
1050
1052
1054
1056
1058
1060
1062
1075
1076
1077
1078
1079
1080
1081
1082
1083
1084
1085
1119
1120
1121
1122
1123
1124
1125
1126
1127
1128
1129
1147
1154
1155
1156
1157
1158
1159
1160
1161
1162
1164
1165
1166
1167
1168
1169
1170
1171
1183
1203
1204
1205
1206
1207
1208
1209
1211
1212
1213
1214
1215
1216
1217
1218
1222
1244
1262
1263
1264
1265
1668
1696
1704
1705
1706
1707
1709
1870
1871
1872
1873
1874
1875
1876
1877
1878
1879
1880
1881
1882
1883
1884
1885
1969
1970
1971
1972
1973
1974
1975
1977
1978
1979
2335
2443
2453
2454
2455
2457
2458
2459
2460
2461
2462
2466
2468
2469
2470
2471
2472
2473
2474
2478
2479
2480
2666
2689
2690
2691
2692
2693
2694
2695
2696
2697
2698
2699
2700
2701
2702
2703
2704
2705
2706
2707
2708
2709
2710
2711
2712
2713
2714
2715
2716
2717
2718
2719
2720
2721
2722
2723
2724
2725
2726
3337
3338
3339
3340
3342
3343
3344
3346
3347
3351
3352
3353
3354
3355
3356
3359
3366
3367
3368
3369
3374
3378
3382
3391
3393
3394
3395
3396
3397
3410
3414
3418
3439
3441
3446
3455
3459
3464
3475
3480
3500
3502
3503
3514
3517
3520
3521
3522
3523
3524
3525
3526
3527
3528
3529
3530
3531
3532
3533
3534
3535
3536
3537
3538
3539
3540
3541
3542
3543
3544
3545
3546
3547
3557
3565
3567
3607
3608
3609
3610
3611
3612
3613
3614
3615
3616
3617
3618
3619
3620
3621
3622
3623
3624
3625
3626
3627
3628
3629
3630
3631
3632
3633
3634
3635
3636
3637
3638
3721
3722
3723
3724
3725
3726
3727
3728
3729
3730
3731
3732
3733
3744
3852
3853
3929
3962
3966
3967
3968
3970
3971
3972
3974
3976
3981
4369
4377
4451
4460
4464
4466
4471
4472
4473
4476
4491
4492
4534
4535
4717
4741
4772
4788
4789
4792
4793
4794
4795
4796
4797
4798
4799
4800
4801
4802
4829
4830
4831
4832
4833
4834
4835
4836
4837
4838
4839
4840
4841
4929
4930
4931
4932
4933
5010
5056
5068
5543
5544
5576
5577
5578
5590
5596
5598
5604
5605
5831
